129066986
58957342
2028760623
424119711
1992558803
1047430019
516713541
953734270
1930813794
809767386
728887051
284612784
1266795197
1040694215
1247413441
120501083
1090223469
1845414876
1114279109
1124646429
909328374
1427119662
835763835
1858085822
1163721122
461159771
413651928
1755940421
2068268528
1990582127
1725914094
924903069
125595185
1733688250
1075928255
54895617
1975877878
874268417
1149194743
1506017849
1341935290
2002160497
607256504
1517331438
683342863
1467778168
1394500929
1980493367
1925616745
1244966132
139863379
1092307395
299887148
1429336787
1792791717
554126744
138739106
1230597655
1687603538
210808393
406106689
1088119131
816438419
710844776
777799337
1839137555
42825846
1168997696
573447826
1666017591
526758691
2085434242
1710374519
2044082850
1549053376
213517092
1942833803
1048688976
183925239
449275568
693358789
1138319723
1280621780
248971663
1465123624
183596145
292405675
2044156507
2121744439
1713060883
1561557454
1884778286
1490421900
1804539948
1514138114
1236518290
1289428101
980356926
1330007140
495348958
